{
 "cells": [
  {
   "cell_type": "code",
   "execution_count": 1,
   "id": "50b12d1a-6302-4fd0-9ab0-a775130ad5d5",
   "metadata": {},
   "outputs": [],
   "source": [
    "import numpy as np\n",
    "import pandas as pd\n",
    "import matplotlib.pyplot as plt   \n",
    "import yfinance as yf             # permet d'utiliser toutes les bases de données de YahooFinance\n",
    "import statsmodels.api as sm\n",
    "from scipy.spatial import ConvexHull\n",
    "from scipy import stats\n",
    "from scipy.optimize import minimize\n",
    "from IPython.display import display, Math\n",
    "\n",
    "plt.rcParams[\"figure.figsize\"] = (8,5)   # Dimensions de figure génériques pour tous les graphiques"
   ]
  },
  {
   "cell_type": "code",
   "execution_count": 2,
   "id": "3ef16830-f83e-4cb6-9811-56be94016aa0",
   "metadata": {},
   "outputs": [],
   "source": [
    "# === Indices des marchés de référence ===\n",
    "MARKETS = {\n",
    "    # Marché français\n",
    "    \"CAC40\": \"^FCHI\",\n",
    "    # Marché britannique\n",
    "    \"FTSE\": \"^FTSE\",\n",
    "    # Marché américain\n",
    "    \"SP500\": \"^GSPC\",\n",
    "    # Marché suisse\n",
    "    \"SMI\": \"^SSMI\",\n",
    "    # Marché italien\n",
    "    \"FTSEMIB\": \"FTSEMIB.MI\",\n",
    "    # Marché chinois\n",
    "    \"CSI300\": \"000300.SS\",\n",
    "    # Marché allemand\n",
    "    \"DAX\": \"^GDAXI\"\n",
    "}\n",
    "\n",
    "# Banque d'actifs variés, avec leurs noms et leur ticker de YahooFinance\n",
    "ASSETS = {\n",
    "    # 🇫🇷 ACTIONS FRANÇAISES\n",
    "    \"Thales\": \"HO.PA\",\n",
    "    \"Safran\": \"SAF.PA\",\n",
    "    \"Sanofi\": \"SAN.PA\",\n",
    "    \"Capgemini\": \"CAP.PA\",\n",
    "    \"Alten\": \"ATE.PA\",\n",
    "    \"Air Liquide\": \"AI.PA\",\n",
    "    \"Unibail\": \"URW.PA\",\n",
    "    \"Nexity\": \"NXI.PA\",\n",
    "    \"Klépierre\": \"LI.PA\",\n",
    "    \"Pernod Ricard\": \"RI.PA\",\n",
    "    \"Rémy Cointreau\": \"RCO.PA\",\n",
    "    \"Technip\": \"TE.PA\",\n",
    "    \"Total Energies\": \"TTE.PA\",\n",
    "\n",
    "    # 🇮🇹 ACTIONS ITALIENNES\n",
    "    \"Stellantis\": \"STLAM.MI\",\n",
    "\n",
    "    # 🇨🇭 ACTIONS SUISSES\n",
    "    \"Richemont\": \"CFR.SW\",\n",
    "\n",
    "    # 🇬🇧 ACTIONS UK\n",
    "    \"Burberry\": \"BRBY.L\",\n",
    "    \"Diageo\": \"DGE.L\",\n",
    "    \"Unilever\": \"ULVR.L\",\n",
    "    \"HSBC\": \"HSBA.L\",\n",
    "\n",
    "    # 🇺🇸 ACTIONS US\n",
    "    \"Tesla\": \"TSLA\",\n",
    "    \"NVIDIA\": \"NVDA\",\n",
    "    \"Microsoft\": \"MSFT\",\n",
    "    \"Apple\": \"AAPL\",\n",
    "    \"Exxon\": \"XOM\",\n",
    "    \"Caterpillar\": \"CAT\",\n",
    "    \"CocaCola\": \"KO\",\n",
    "    \"Procter&Gamble\": \"PG\",\n",
    "    \"Meta\": \"META\",\n",
    "    \"NextEra\": \"NEE\",\n",
    "    \"Intel\": \"INTC\",\n",
    "    \"AMD\": \"AMD\",\n",
    "    \"ASML\": \"ASML\",\n",
    "    \"TSMC\": \"TSM\",\n",
    "    \"Amazon\": \"AMZN\",\n",
    "    \"JP Morgan\": \"JPM\",\n",
    "    \"Alphabet\": \"GOOGL\",\n",
    "    \"First Phosphate\": \"PHOS.CN\",\n",
    "\n",
    "    # 🇨🇳 ACTIONS CHINOISES\n",
    "    \"Cambricon\": \"688256.SS\",\n",
    "\n",
    "    # 🇩🇪 ACTIONS ALLEMANDES\n",
    "    \"Mercedes\": \"MBG.DE\"\n",
    "}\n",
    "\n",
    "# On renverse les rôles, pour que ça soit plus simple avec l'affichage graphique plus tard\n",
    "actifs = {v: k for k, v in ASSETS.items()}\n",
    "\n",
    "tickers_longs = [\n",
    "    \"AMD\",\n",
    "    \"Mercedes\",\n",
    "    \"Safran\",\n",
    "    \"Unibail\",\n",
    "    \"Sanofi\",\n",
    "    \"Microsoft\",\n",
    "    \"Pernod Ricard\",\n",
    "    \"TSMC\",\n",
    "    \"Richemont\",\n",
    "    \"Cambricon\",\n",
    "    \"Thales\",\n",
    "    \"Air Liquide\",\n",
    "    \"NextEra\",\n",
    "    \"Amazon\",\n",
    "    \"Rémy Cointreau\",\n",
    "    \"JP Morgan\"\n",
    "]\n",
    "\n",
    "tickers_shorts = [\n",
    "    \"ASML\",\n",
    "    \"Stellantis\",\n",
    "    \"Capgemini\",\n",
    "    \"Nexity\",\n",
    "    \"Intel\",\n",
    "    \"Meta\",\n",
    "    \"Technip\",\n",
    "    \"Apple\",\n",
    "    \"Burberry\",\n",
    "    \"NVIDIA\",\n",
    "    \"Alten\",\n",
    "    \"Klépierre\",\n",
    "    \"Tesla\",\n",
    "    \"Alphabet\",\n",
    "    \"Total Energies\",\n",
    "    \"First Phosphate\"\n",
    "]\n",
    "\n",
    "longs  = [ASSETS[t] for t in tickers_longs]\n",
    "shorts = [ASSETS[t] for t in tickers_shorts]\n",
    "tickers = longs + shorts\n",
    "N = len(tickers)\n",
    "N_long = N//2\n",
    "N_short = N//2\n",
    "\n",
    "# Dates limites pour l'étude\n",
    "date_debut = \"2023-01-31\"\n",
    "date_fin   = \"2026-01-31\""
   ]
  },
  {
   "cell_type": "code",
   "execution_count": 3,
   "id": "def23fc6-e85d-4533-8d26-2100dc7a6321",
   "metadata": {},
   "outputs": [],
   "source": [
    "\"\"\" Fonction qui évalue les actifs individuellement \"\"\"\n",
    "\n",
    "def eval_actif(ticker, market):\n",
    "    data = yf.download([ticker, market], start=date_debut, end=date_fin, auto_adjust=True)[\"Close\"]\n",
    "    returns = data.pct_change(fill_method=None).dropna()\n",
    "    #returns = np.log(data / data.shift(1)).dropna()\n",
    "    vol = returns[ticker].std() * np.sqrt(252)\n",
    "    Y = returns[ticker]\n",
    "    X = sm.add_constant(returns[market])\n",
    "    model = sm.OLS(Y, X).fit()\n",
    "    beta = model.params[market]\n",
    "    alpha_annualized = model.params[\"const\"] * 252\n",
    "    t_alpha = model.tvalues[\"const\"]\n",
    "\n",
    "    try:\n",
    "        nom = yf.Ticker(ticker).info[\"longName\"]\n",
    "    except:\n",
    "        nom = ticker\n",
    "\n",
    "    alpha = alpha_annualized\n",
    "    b = beta\n",
    "    alpha_cut = 0.03\n",
    "    \n",
    "    # --- étape 1 : alpha d'abord ---\n",
    "    if alpha > alpha_cut:\n",
    "        classe_alpha = \"positive\"\n",
    "    elif alpha < -alpha_cut:\n",
    "        classe_alpha = \"negative\"\n",
    "    else:\n",
    "        verdict = \"NEUTRE (alpha faible)\"\n",
    "        classe_alpha = None\n",
    "    \n",
    "    # --- étape 2 : beta filtre ---\n",
    "    if classe_alpha == \"positive\":\n",
    "        if b < 1.0:\n",
    "            verdict = \"LONG (alpha fort, beta maîtrisé)\"\n",
    "        else:\n",
    "            verdict = \"NEUTRE (alpha ok mais trop directionnel)\"\n",
    "    \n",
    "    elif classe_alpha == \"negative\":\n",
    "        if b > 1.0:\n",
    "            verdict = \"SHORT (alpha négatif amplifié)\"\n",
    "        else:\n",
    "            verdict = \"NEUTRE (alpha négatif mais peu exploitable)\"\n",
    "\n",
    "    recap = pd.DataFrame({\n",
    "        r\"Volatilité annuelle $(\\%)$\": [round(vol * 100, 2)],\n",
    "        r\"$\\beta$\": [round(beta, 3)],\n",
    "        r\"$\\alpha_{annuel} (\\%)$\": [round(alpha_annualized * 100, 3)],\n",
    "        r\"$t_\\alpha$\": [round(t_alpha,3)],\n",
    "        \"Verdict\": [verdict]\n",
    "    }, index=[nom])\n",
    "\n",
    "    return display(recap)"
   ]
  },
  {
   "cell_type": "code",
   "execution_count": 4,
   "id": "8b03dbd5-f6c9-4e97-af5a-d6e3ce2ffe4e",
   "metadata": {},
   "outputs": [
    {
     "name": "stderr",
     "output_type": "stream",
     "text": [
      "[*********************100%***********************]  2 of 2 completed\n"
     ]
    },
    {
     "data": {
      "text/html": [
       "<div>\n",
       "<style scoped>\n",
       "    .dataframe tbody tr th:only-of-type {\n",
       "        vertical-align: middle;\n",
       "    }\n",
       "\n",
       "    .dataframe tbody tr th {\n",
       "        vertical-align: top;\n",
       "    }\n",
       "\n",
       "    .dataframe thead th {\n",
       "        text-align: right;\n",
       "    }\n",
       "</style>\n",
       "<table border=\"1\" class=\"dataframe\">\n",
       "  <thead>\n",
       "    <tr style=\"text-align: right;\">\n",
       "      <th></th>\n",
       "      <th>Volatilité annuelle $(\\%)$</th>\n",
       "      <th>$\\beta$</th>\n",
       "      <th>$\\alpha_{annuel} (\\%)$</th>\n",
       "      <th>$t_\\alpha$</th>\n",
       "      <th>Verdict</th>\n",
       "    </tr>\n",
       "  </thead>\n",
       "  <tbody>\n",
       "    <tr>\n",
       "      <th>ASML Holding N.V.</th>\n",
       "      <td>39.52</td>\n",
       "      <td>1.66</td>\n",
       "      <td>3.037</td>\n",
       "      <td>0.17</td>\n",
       "      <td>NEUTRE (alpha ok mais trop directionnel)</td>\n",
       "    </tr>\n",
       "  </tbody>\n",
       "</table>\n",
       "</div>"
      ],
      "text/plain": [
       "                   Volatilité annuelle $(\\%)$  $\\beta$  \\\n",
       "ASML Holding N.V.                       39.52     1.66   \n",
       "\n",
       "                   $\\alpha_{annuel} (\\%)$  $t_\\alpha$  \\\n",
       "ASML Holding N.V.                   3.037        0.17   \n",
       "\n",
       "                                                    Verdict  \n",
       "ASML Holding N.V.  NEUTRE (alpha ok mais trop directionnel)  "
      ]
     },
     "metadata": {},
     "output_type": "display_data"
    }
   ],
   "source": [
    "eval_actif(ASSETS[\"ASML\"],MARKETS[\"SP500\"])"
   ]
  },
  {
   "cell_type": "code",
   "execution_count": 5,
   "id": "70325e75-9eec-463b-bb8f-68a153e9731b",
   "metadata": {},
   "outputs": [
    {
     "name": "stderr",
     "output_type": "stream",
     "text": [
      "[*********************100%***********************]  2 of 2 completed\n"
     ]
    },
    {
     "data": {
      "text/html": [
       "<div>\n",
       "<style scoped>\n",
       "    .dataframe tbody tr th:only-of-type {\n",
       "        vertical-align: middle;\n",
       "    }\n",
       "\n",
       "    .dataframe tbody tr th {\n",
       "        vertical-align: top;\n",
       "    }\n",
       "\n",
       "    .dataframe thead th {\n",
       "        text-align: right;\n",
       "    }\n",
       "</style>\n",
       "<table border=\"1\" class=\"dataframe\">\n",
       "  <thead>\n",
       "    <tr style=\"text-align: right;\">\n",
       "      <th></th>\n",
       "      <th>Volatilité annuelle $(\\%)$</th>\n",
       "      <th>$\\beta$</th>\n",
       "      <th>$\\alpha_{annuel} (\\%)$</th>\n",
       "      <th>$t_\\alpha$</th>\n",
       "      <th>Verdict</th>\n",
       "    </tr>\n",
       "  </thead>\n",
       "  <tbody>\n",
       "    <tr>\n",
       "      <th>Capgemini SE</th>\n",
       "      <td>27.44</td>\n",
       "      <td>1.052</td>\n",
       "      <td>-9.342</td>\n",
       "      <td>-0.704</td>\n",
       "      <td>SHORT (alpha négatif amplifié)</td>\n",
       "    </tr>\n",
       "  </tbody>\n",
       "</table>\n",
       "</div>"
      ],
      "text/plain": [
       "              Volatilité annuelle $(\\%)$  $\\beta$  $\\alpha_{annuel} (\\%)$  \\\n",
       "Capgemini SE                       27.44    1.052                  -9.342   \n",
       "\n",
       "              $t_\\alpha$                         Verdict  \n",
       "Capgemini SE      -0.704  SHORT (alpha négatif amplifié)  "
      ]
     },
     "metadata": {},
     "output_type": "display_data"
    }
   ],
   "source": [
    "eval_actif(ASSETS[\"Capgemini\"],MARKETS[\"CAC40\"])"
   ]
  },
  {
   "cell_type": "code",
   "execution_count": 6,
   "id": "e0f549da-e71a-4ecf-b950-6d9b06bb6c7a",
   "metadata": {},
   "outputs": [
    {
     "name": "stderr",
     "output_type": "stream",
     "text": [
      "[*********************100%***********************]  32 of 32 completed\n"
     ]
    }
   ],
   "source": [
    "data = yf.download(\n",
    "    tickers,\n",
    "    start=date_debut,\n",
    "    end=date_fin,\n",
    "    auto_adjust=True\n",
    ")[\"Close\"]\n",
    "\n",
    "data = data.rename(columns=actifs)"
   ]
  },
  {
   "cell_type": "code",
   "execution_count": 7,
   "id": "83fdfb43-c9e4-4fe1-9842-c70c0af0a1e3",
   "metadata": {},
   "outputs": [
    {
     "name": "stdout",
     "output_type": "stream",
     "text": [
      "Aperçu des données :\n",
      "Ticker      Cambricon       Apple  Air Liquide        AMD      Amazon  \\\n",
      "Date                                                                    \n",
      "2023-01-31  62.099998  142.012711   125.875702  75.150002  103.129997   \n",
      "2023-02-01  64.739998  143.134674   125.530983  84.639999  105.150002   \n",
      "2023-02-02  69.900002  148.439606   126.427269  88.309998  112.910004   \n",
      "2023-02-03  71.110001  152.061539   125.237961  86.089996  103.389999   \n",
      "2023-02-06  72.839996  149.335236   123.790131  83.680000  102.180000   \n",
      "\n",
      "Ticker            ASML       Alten     Burberry   Capgemini   Richemont  ...  \\\n",
      "Date                                                                     ...   \n",
      "2023-01-31  642.144470  134.494934  2459.093994  163.781448  130.414719  ...   \n",
      "2023-02-01  659.333923  136.311157  2419.125000  166.512711  130.554047  ...   \n",
      "2023-02-02  676.844299  141.472992  2468.086914  177.390656  132.086700  ...   \n",
      "2023-02-03  660.393250  142.142120  2478.079346  178.002838  133.944458  ...   \n",
      "2023-02-06  644.638611  140.421509  2431.115723  174.706482  130.786270  ...   \n",
      "\n",
      "Ticker      Rémy Cointreau  Pernod Ricard      Safran     Sanofi  Stellantis  \\\n",
      "Date                                                                           \n",
      "2023-01-31      159.583221     168.176773  127.767456  79.496773   11.314544   \n",
      "2023-02-01      161.432404     168.486725  127.379669  78.636826   11.402693   \n",
      "2023-02-02      162.449448     169.283798  128.581757  76.925781   11.969365   \n",
      "2023-02-03      164.575989     172.073441  128.349091  75.480721   11.963068   \n",
      "2023-02-06      160.692719     170.257950  126.759270  75.276817   11.868623   \n",
      "\n",
      "Ticker        Technip       Tesla       TSMC  Total Energies  Unibail  \n",
      "Date                                                                   \n",
      "2023-01-31  16.470478  173.220001  88.499817       48.402561      NaN  \n",
      "2023-02-01  16.493603  181.410004  90.418129       47.544605      NaN  \n",
      "2023-02-02  16.447351  188.270004  92.241005       46.873524      NaN  \n",
      "2023-02-03  16.697113  189.979996  90.341774       47.867397      NaN  \n",
      "2023-02-06  16.752615  194.759995  87.640877       47.281265      NaN  \n",
      "\n",
      "[5 rows x 32 columns]\n",
      "\n",
      "Dernières dates :\n",
      "Ticker        Cambricon       Apple  Air Liquide         AMD      Amazon  \\\n",
      "Date                                                                       \n",
      "2026-01-26  1300.000000  255.171234   157.360001  251.309998  238.419998   \n",
      "2026-01-27  1300.890015  258.028534   156.940002  252.029999  244.679993   \n",
      "2026-01-28  1282.780029  256.200287   156.899994  252.740005  243.009995   \n",
      "2026-01-29  1252.010010  258.038544   158.179993  252.179993  241.729996   \n",
      "2026-01-30  1258.890015  259.237427   157.940002  236.729996  239.300003   \n",
      "\n",
      "Ticker             ASML      Alten  Burberry   Capgemini   Richemont  ...  \\\n",
      "Date                                                                  ...   \n",
      "2026-01-26  1411.488281  74.400002    1173.5  136.399994  152.649994  ...   \n",
      "2026-01-27  1452.673828  72.750000    1170.0  134.149994  152.850006  ...   \n",
      "2026-01-28  1421.045654  72.699997    1115.0  131.500000  149.350006  ...   \n",
      "2026-01-29  1453.243164  70.750000    1120.0  127.849998  147.800003  ...   \n",
      "2026-01-30  1421.125488  82.599998    1099.0  131.199997  149.550003  ...   \n",
      "\n",
      "Ticker      Rémy Cointreau  Pernod Ricard      Safran     Sanofi  Stellantis  \\\n",
      "Date                                                                           \n",
      "2026-01-26       39.799999      75.440002  307.700012  79.879997       8.113   \n",
      "2026-01-27       38.639999      72.919998  309.299988  79.750000       8.157   \n",
      "2026-01-28       39.180000      74.360001  301.799988  77.540001       8.168   \n",
      "2026-01-29       39.500000      74.120003  298.600006  77.080002       8.120   \n",
      "2026-01-30       40.080002      75.080002  301.000000  79.199997       8.286   \n",
      "\n",
      "Ticker        Technip       Tesla        TSMC  Total Energies    Unibail  \n",
      "Date                                                                      \n",
      "2026-01-26  32.459999  435.200012  332.709991       58.900002  91.820000  \n",
      "2026-01-27  32.439999  430.899994  338.339996       59.340000  92.580002  \n",
      "2026-01-28  32.380001  431.459991  342.299988       60.000000  93.080002  \n",
      "2026-01-29  33.439999  416.559998  339.549988       60.820000  92.300003  \n",
      "2026-01-30  33.040001  430.410004  330.559998       61.150002  93.000000  \n",
      "\n",
      "[5 rows x 32 columns]\n"
     ]
    }
   ],
   "source": [
    "# Petit affichage de la tête et la queue des données, pour vérifier qu'on a bien toute la plage de dates\n",
    "print(\"Aperçu des données :\")\n",
    "print(data.head())\n",
    "print(\"\\nDernières dates :\")\n",
    "print(data.tail())"
   ]
  },
  {
   "cell_type": "code",
   "execution_count": 8,
   "id": "856c1cec-e6dc-41b1-8d8e-f6277f3f9b21",
   "metadata": {},
   "outputs": [],
   "source": [
    "# Calcul des taux d'évolution de rendement JOURNALIERS\n",
    "returns = data.pct_change(fill_method=None).dropna()"
   ]
  },
  {
   "cell_type": "code",
   "execution_count": 9,
   "id": "45853ed4-ae9a-4d94-89ed-f27fca7668b0",
   "metadata": {},
   "outputs": [
    {
     "name": "stdout",
     "output_type": "stream",
     "text": [
      "Aperçu des rendements :\n",
      "Ticker      Cambricon     Apple  Air Liquide       AMD    Amazon      ASML  \\\n",
      "Date                                                                         \n",
      "2023-04-17   0.009231  0.000121     0.009845 -0.020490  0.002244 -0.040769   \n",
      "2023-04-18  -0.005183  0.007505     0.005124 -0.001001 -0.004283  0.006713   \n",
      "2023-04-19   0.132904  0.006968     0.005222  0.001782  0.019550 -0.030669   \n",
      "2023-04-20   0.200000 -0.005846     0.003835  0.001890 -0.004698  0.015988   \n",
      "2023-04-21  -0.068230 -0.009781     0.003697 -0.018644  0.030344  0.001420   \n",
      "\n",
      "Ticker         Alten  Burberry  Capgemini  Richemont  ...  Rémy Cointreau  \\\n",
      "Date                                                  ...                   \n",
      "2023-04-17 -0.017415 -0.005012  -0.033798  -0.022386  ...        0.021600   \n",
      "2023-04-18  0.026585  0.009686   0.020558   0.016746  ...       -0.008000   \n",
      "2023-04-19 -0.014608 -0.006523  -0.014432   0.005378  ...        0.002304   \n",
      "2023-04-20 -0.010108  0.010043  -0.021354   0.005349  ...       -0.000862   \n",
      "2023-04-21  0.002042 -0.002295   0.009040   0.002660  ...        0.018982   \n",
      "\n",
      "Ticker      Pernod Ricard    Safran    Sanofi  Stellantis   Technip     Tesla  \\\n",
      "Date                                                                            \n",
      "2023-04-17       0.011962  0.021914  0.004312   -0.010837  0.015929  0.011027   \n",
      "2023-04-18      -0.013239  0.012866 -0.010734    0.003181  0.004480 -0.014596   \n",
      "2023-04-19       0.006229  0.004658  0.005721   -0.003758  0.002478 -0.020183   \n",
      "2023-04-20       0.007143  0.002950 -0.004511   -0.054102 -0.007909 -0.097458   \n",
      "2023-04-21       0.014657 -0.002241  0.013596   -0.006604 -0.012456  0.012823   \n",
      "\n",
      "Ticker          TSMC  Total Energies   Unibail  \n",
      "Date                                            \n",
      "2023-04-17  0.009059        0.000170 -0.022472  \n",
      "2023-04-18  0.001705       -0.001362 -0.008323  \n",
      "2023-04-19 -0.010324       -0.009889 -0.005396  \n",
      "2023-04-20  0.023616       -0.008438 -0.015069  \n",
      "2023-04-21 -0.043902        0.002084 -0.005508  \n",
      "\n",
      "[5 rows x 32 columns]\n",
      "\n",
      "Statistiques journalières rapides :\n",
      "Ticker   Cambricon       Apple  Air Liquide         AMD      Amazon  \\\n",
      "count   550.000000  550.000000   550.000000  550.000000  550.000000   \n",
      "mean      0.005295    0.001506     0.000720    0.002054    0.001940   \n",
      "std       0.048997    0.015748     0.010159    0.031580    0.019838   \n",
      "min      -0.200000   -0.092456    -0.035102   -0.106165   -0.089791   \n",
      "25%      -0.022344   -0.005857    -0.004843   -0.014988   -0.008808   \n",
      "50%       0.000117    0.001643     0.000886    0.000921    0.001651   \n",
      "75%       0.027269    0.008078     0.006562    0.018627    0.013125   \n",
      "max       0.200006    0.153288     0.047661    0.238205    0.119770   \n",
      "\n",
      "Ticker        ASML       Alten    Burberry   Capgemini   Richemont  ...  \\\n",
      "count   550.000000  550.000000  550.000000  550.000000  550.000000  ...   \n",
      "mean      0.001735    0.000040   -0.000172    0.000332    0.001145  ...   \n",
      "std       0.024904    0.022616    0.028251    0.017201    0.020038  ...   \n",
      "min      -0.127440   -0.155381   -0.160839   -0.070156   -0.104255  ...   \n",
      "25%      -0.011671   -0.011568   -0.013747   -0.009503   -0.008678  ...   \n",
      "50%       0.002647    0.000706   -0.001141    0.000000    0.000313  ...   \n",
      "75%       0.015288    0.011443    0.014189    0.009796    0.010322  ...   \n",
      "max       0.154341    0.167491    0.186765    0.068242    0.163610  ...   \n",
      "\n",
      "Ticker  Rémy Cointreau  Pernod Ricard      Safran      Sanofi  Stellantis  \\\n",
      "count       550.000000     550.000000  550.000000  550.000000  550.000000   \n",
      "mean         -0.001437      -0.000968    0.001678   -0.000153   -0.000196   \n",
      "std           0.023913       0.015683    0.013680    0.015317    0.023572   \n",
      "min          -0.119963      -0.067422   -0.073053   -0.189329   -0.147217   \n",
      "25%          -0.014294      -0.009612   -0.005911   -0.006606   -0.010677   \n",
      "50%          -0.002310      -0.002008    0.002393    0.000798    0.000358   \n",
      "75%           0.010044       0.007293    0.010192    0.006722    0.012684   \n",
      "max           0.151615       0.078539    0.057357    0.044698    0.091823   \n",
      "\n",
      "Ticker     Technip       Tesla        TSMC  Total Energies     Unibail  \n",
      "count   550.000000  550.000000  550.000000      550.000000  550.000000  \n",
      "mean      0.001166    0.002554    0.002422        0.000519    0.001479  \n",
      "std       0.020733    0.038059    0.024424        0.012114    0.015508  \n",
      "min      -0.137550   -0.154262   -0.133270       -0.047299   -0.055467  \n",
      "25%      -0.009650   -0.017536   -0.010368       -0.005708   -0.006995  \n",
      "50%       0.000599    0.001557    0.002156        0.001249    0.001388  \n",
      "75%       0.011624    0.022488    0.014680        0.007724    0.009610  \n",
      "max       0.108738    0.226900    0.122940        0.037015    0.082573  \n",
      "\n",
      "[8 rows x 32 columns]\n"
     ]
    }
   ],
   "source": [
    "print(\"Aperçu des rendements :\")\n",
    "print(returns.head())\n",
    "\n",
    "print(\"\\nStatistiques journalières rapides :\")\n",
    "print(returns.describe())"
   ]
  },
  {
   "cell_type": "code",
   "execution_count": 10,
   "id": "a350517c-d747-41cb-a67a-10b4623b9292",
   "metadata": {},
   "outputs": [
    {
     "name": "stdout",
     "output_type": "stream",
     "text": [
      "===== SYNTHÈSE RENDEMENT / RISQUE (%) =====\n",
      "                 Rendement annualisé (%)  Volatilité annualisée (%)\n",
      "Cambricon                        133.432                     77.780\n",
      "Apple                             37.963                     24.999\n",
      "Air Liquide                       18.132                     16.126\n",
      "AMD                               51.761                     50.131\n",
      "Amazon                            48.888                     31.491\n",
      "ASML                              43.717                     39.534\n",
      "Alten                              1.018                     35.901\n",
      "Burberry                          -4.331                     44.848\n",
      "Capgemini                          8.364                     27.305\n",
      "Richemont                         28.850                     31.810\n",
      "Alphabet                          55.831                     30.073\n",
      "Thales                            29.713                     28.568\n",
      "Intel                             41.301                     55.000\n",
      "JP Morgan                         46.326                     22.404\n",
      "Klépierre                         28.668                     16.922\n",
      "Mercedes                           5.507                     24.698\n",
      "Meta                              42.722                     38.023\n",
      "Microsoft                         24.666                     23.365\n",
      "NextEra                           12.853                     26.290\n",
      "NVIDIA                           101.691                     50.733\n",
      "Nexity                            -3.016                     48.396\n",
      "First Phosphate                   49.756                     93.968\n",
      "Rémy Cointreau                   -36.206                     37.960\n",
      "Pernod Ricard                    -24.397                     24.895\n",
      "Safran                            42.275                     21.717\n",
      "Sanofi                            -3.844                     24.315\n",
      "Stellantis                        -4.936                     37.420\n",
      "Technip                           29.381                     32.913\n",
      "Tesla                             64.350                     60.417\n",
      "TSMC                              61.035                     38.772\n",
      "Total Energies                    13.082                     19.230\n",
      "Unibail                           37.262                     24.619\n",
      "\n",
      "===== MATRICE DE COVARIANCE =====\n",
      "                 Cambricon    Apple  Air Liquide      AMD   Amazon     ASML    Alten  Burberry  Capgemini  Richemont  Alphabet   Thales    Intel  JP Morgan  Klépierre  Mercedes     Meta  Microsoft  NextEra   NVIDIA   Nexity  First Phosphate  Rémy Cointreau  Pernod Ricard   Safran   Sanofi  Stellantis  Technip    Tesla     TSMC  Total Energies  Unibail\n",
      "Cambricon          0.60497  0.01481     -0.00164  0.02417 -0.01191  0.01533 -0.00695  -0.01506   -0.00820   -0.00284   0.00463  0.00561  0.01592    0.00227   -0.00586  -0.00026 -0.00469    0.00353  0.00898  0.01196 -0.01669          0.05919         0.01024       -0.00013 -0.00874 -0.00709    -0.00771 -0.01300  0.00019  0.01851        -0.01808 -0.00382\n",
      "Apple              0.01481  0.06250     -0.00014  0.05454  0.03673  0.04437  0.01045  -0.00150    0.00943    0.00475   0.03426 -0.00967  0.03692    0.01824   -0.00153   0.00943  0.04088    0.02611  0.00826  0.04444  0.00055          0.02303         0.00859        0.00492 -0.00011 -0.00406     0.01262 -0.00127  0.06583  0.03439        -0.00101 -0.00096\n",
      "Air Liquide       -0.00164 -0.00014      0.02601 -0.00052  0.00117  0.00846  0.01840   0.01534    0.01522    0.01785  -0.00217  0.01025  0.00249    0.00081    0.00670   0.01167  0.00191    0.00097  0.00629 -0.00107  0.01090         -0.00600         0.01363        0.01357  0.01480  0.01079     0.01974  0.01157 -0.00759  0.00306         0.00844  0.00876\n",
      "AMD                0.02417  0.05454     -0.00052  0.25131  0.07676  0.12407  0.01666   0.00886    0.01528    0.01937   0.06575 -0.01478  0.10140    0.03233   -0.00322   0.01403  0.08968    0.05616  0.00276  0.16147  0.00012          0.06346         0.00348        0.00410  0.01053 -0.01119     0.02182  0.00511  0.11219  0.12069        -0.00770 -0.00317\n",
      "Amazon            -0.01191  0.03673      0.00117  0.07676  0.09917  0.05558  0.00581   0.00505    0.01119    0.01357   0.04979 -0.00416  0.05139    0.02124   -0.00228   0.00897  0.07365    0.04195  0.00150  0.07522  0.00575          0.02702         0.00723        0.00515  0.01019 -0.01274     0.01750  0.00737  0.07488  0.05321        -0.00026  0.00126\n",
      "ASML               0.01533  0.04437      0.00846  0.12407  0.05558  0.15629  0.02652   0.01602    0.02298    0.03443   0.04557 -0.00513  0.08321    0.01977    0.00188   0.01937  0.06895    0.03961  0.00561  0.11868  0.01419          0.02925         0.00868        0.01013  0.01234 -0.00394     0.02948  0.00394  0.07928  0.10546         0.00039  0.00419\n",
      "Alten             -0.00695  0.01045      0.01840  0.01666  0.00581  0.02652  0.12889   0.02920    0.05294    0.03153   0.00174  0.01314  0.01359    0.00347    0.00904   0.02927  0.01063    0.00883  0.00361  0.00746  0.02049          0.00279         0.03569        0.02499  0.01647  0.01565     0.04595  0.01716  0.00605  0.01545         0.00838  0.01593\n",
      "Burberry          -0.01506 -0.00150      0.01534  0.00886  0.00505  0.01602  0.02920   0.20113    0.02246    0.05846   0.00308 -0.00104  0.00827    0.00538    0.00672   0.03672  0.00577   -0.00381  0.00823  0.00568  0.02160          0.00050         0.05703        0.03982  0.01720  0.01600     0.03803  0.02299  0.00880  0.01473         0.01441  0.01649\n",
      "Capgemini         -0.00820  0.00943      0.01522  0.01528  0.01119  0.02298  0.05294   0.02246    0.07456    0.02793   0.00757  0.00513  0.01859   -0.00113    0.00512   0.02488  0.01360    0.01030 -0.00007  0.01283  0.01706          0.01367         0.02732        0.02097  0.01160  0.01541     0.04125  0.00836  0.01359  0.01365         0.00738  0.01417\n",
      "Richemont         -0.00284  0.00475      0.01785  0.01937  0.01357  0.03443  0.03153   0.05846    0.02793    0.10119   0.01308 -0.00003  0.01094    0.00730    0.00480   0.02705  0.01407    0.00644  0.00419  0.01574  0.01384         -0.01445         0.04378        0.03059  0.02052  0.01246     0.03628  0.01476  0.01714  0.02948         0.01365  0.01742\n",
      "Alphabet           0.00463  0.03426     -0.00217  0.06575  0.04979  0.04557  0.00174   0.00308    0.00757    0.01308   0.09044 -0.00238  0.03427    0.01616   -0.00306   0.00584  0.04874    0.02892 -0.00105  0.06153  0.01157          0.05192         0.00436        0.00423  0.00622 -0.00506     0.00970 -0.00272  0.06723  0.04324        -0.00316 -0.00273\n",
      "Thales             0.00561 -0.00967      0.01025 -0.01478 -0.00416 -0.00513  0.01314  -0.00104    0.00513   -0.00003  -0.00238  0.08162 -0.01525   -0.00256    0.00513   0.00030 -0.00206    0.00375  0.00159 -0.00289  0.01141          0.01833        -0.00712       -0.00516  0.02562  0.00766     0.00269  0.01529 -0.00446 -0.00660         0.00565  0.00176\n",
      "Intel              0.01592  0.03692      0.00249  0.10140  0.05139  0.08321  0.01359   0.00827    0.01859    0.01094   0.03427 -0.01525  0.30250    0.02700   -0.00331   0.00755  0.04724    0.02844  0.00905  0.07227 -0.00024          0.04816        -0.00832       -0.00125  0.00070 -0.01388     0.02606 -0.00134  0.08768  0.05475         0.00145 -0.00227\n",
      "JP Morgan          0.00227  0.01824      0.00081  0.03233  0.02124  0.01977  0.00347   0.00538   -0.00113    0.00730   0.01616 -0.00256  0.02700    0.05019   -0.00016   0.00307  0.02232    0.01241  0.00337  0.02543  0.00187          0.01403         0.00201        0.00108  0.00426  0.00037     0.01622  0.00614  0.04235  0.01878         0.00107  0.00169\n",
      "Klépierre         -0.00586 -0.00153      0.00670 -0.00322 -0.00228  0.00188  0.00904   0.00672    0.00512    0.00480  -0.00306  0.00513 -0.00331   -0.00016    0.02863   0.00500 -0.00412   -0.00212  0.00712 -0.00149  0.02550         -0.01748         0.00634        0.00557  0.00556  0.00593     0.00868  0.00458  0.00103 -0.00001         0.00343  0.02472\n",
      "Mercedes          -0.00026  0.00943      0.01167  0.01403  0.00897  0.01937  0.02927   0.03672    0.02488    0.02705   0.00584  0.00030  0.00755    0.00307    0.00500   0.06100  0.01186    0.00387  0.00097  0.01191  0.01150          0.01136         0.03676        0.02319  0.00945  0.01091     0.05135  0.01183  0.01511  0.00959         0.01201  0.01046\n",
      "Meta              -0.00469  0.04088      0.00191  0.08968  0.07365  0.06895  0.01063   0.00577    0.01360    0.01407   0.04874 -0.00206  0.04724    0.02232   -0.00412   0.01186  0.14457    0.04536 -0.00121  0.08871  0.00611          0.03360         0.00915        0.00505  0.01201 -0.01854     0.02410  0.01195  0.07891  0.06423        -0.00316 -0.00128\n",
      "Microsoft          0.00353  0.02611      0.00097  0.05616  0.04195  0.03961  0.00883  -0.00381    0.01030    0.00644   0.02892  0.00375  0.02844    0.01241   -0.00212   0.00387  0.04536    0.05459 -0.00138  0.06198 -0.00237          0.02790         0.00015       -0.00074  0.00819 -0.00702     0.00434 -0.00157  0.04902  0.04066        -0.00302 -0.00156\n",
      "NextEra            0.00898  0.00826      0.00629  0.00276  0.00150  0.00561  0.00361   0.00823   -0.00007    0.00419  -0.00105  0.00159  0.00905    0.00337    0.00712   0.00097 -0.00121   -0.00138  0.06911 -0.00800  0.00559         -0.00864         0.00415        0.00478 -0.00507  0.00574     0.00450 -0.00260  0.00678  0.00170         0.00314  0.00876\n",
      "NVIDIA             0.01196  0.04444     -0.00107  0.16147  0.07522  0.11868  0.00746   0.00568    0.01283    0.01574   0.06153 -0.00289  0.07227    0.02543   -0.00149   0.01191  0.08871    0.06198 -0.00800  0.25739 -0.00372          0.02918        -0.01240       -0.00142  0.01405 -0.01567     0.01910  0.00573  0.10734  0.13572        -0.00615 -0.00278\n",
      "Nexity            -0.01669  0.00055      0.01090  0.00012  0.00575  0.01419  0.02049   0.02160    0.01706    0.01384   0.01157  0.01141 -0.00024    0.00187    0.02550   0.01150  0.00611   -0.00237  0.00559 -0.00372  0.23422         -0.00181         0.01658        0.01941  0.01482  0.01312     0.02582  0.01733  0.01098  0.01285         0.01048  0.03752\n",
      "First Phosphate    0.05919  0.02303     -0.00600  0.06346  0.02702  0.02925  0.00279   0.00050    0.01367   -0.01445   0.05192  0.01833  0.04816    0.01403   -0.01748   0.01136  0.03360    0.02790 -0.00864  0.02918 -0.00181          0.88300        -0.01607       -0.02128  0.01299 -0.00542     0.00161  0.01716  0.07021  0.02095        -0.00151 -0.00959\n",
      "Rémy Cointreau     0.01024  0.00859      0.01363  0.00348  0.00723  0.00868  0.03569   0.05703    0.02732    0.04378   0.00436 -0.00712 -0.00832    0.00201    0.00634   0.03676  0.00915    0.00015  0.00415 -0.01240  0.01658         -0.01607         0.14410        0.07011  0.00347  0.02814     0.03813  0.01103  0.00513  0.00708         0.00759  0.01317\n",
      "Pernod Ricard     -0.00013  0.00492      0.01357  0.00410  0.00515  0.01013  0.02499   0.03982    0.02097    0.03059   0.00423 -0.00516 -0.00125    0.00108    0.00557   0.02319  0.00505   -0.00074  0.00478 -0.00142  0.01941         -0.02128         0.07011        0.06198  0.00497  0.01434     0.02628  0.00382  0.00262  0.00518         0.00628  0.01038\n",
      "Safran            -0.00874 -0.00011      0.01480  0.01053  0.01019  0.01234  0.01647   0.01720    0.01160    0.02052   0.00622  0.02562  0.00070    0.00426    0.00556   0.00945  0.01201    0.00819 -0.00507  0.01405  0.01482          0.01299         0.00347        0.00497  0.04716  0.00732     0.01760  0.01532  0.00806  0.01402         0.00957  0.01053\n",
      "Sanofi            -0.00709 -0.00406      0.01079 -0.01119 -0.01274 -0.00394  0.01565   0.01600    0.01541    0.01246  -0.00506  0.00766 -0.01388    0.00037    0.00593   0.01091 -0.01854   -0.00702  0.00574 -0.01567  0.01312         -0.00542         0.02814        0.01434  0.00732  0.05912     0.01403  0.00659 -0.01036 -0.00696         0.00632  0.00511\n",
      "Stellantis        -0.00771  0.01262      0.01974  0.02182  0.01750  0.02948  0.04595   0.03803    0.04125    0.03628   0.00970  0.00269  0.02606    0.01622    0.00868   0.05135  0.02410    0.00434  0.00450  0.01910  0.02582          0.00161         0.03813        0.02628  0.01760  0.01403     0.14003  0.03086  0.03976  0.01727         0.01880  0.02246\n",
      "Technip           -0.01300 -0.00127      0.01157  0.00511  0.00737  0.00394  0.01716   0.02299    0.00836    0.01476  -0.00272  0.01529 -0.00134    0.00614    0.00458   0.01183  0.01195   -0.00157 -0.00260  0.00573  0.01733          0.01716         0.01103        0.00382  0.01532  0.00659     0.03086  0.10832  0.01316  0.00515         0.02050  0.00845\n",
      "Tesla              0.00019  0.06583     -0.00759  0.11219  0.07488  0.07928  0.00605   0.00880    0.01359    0.01714   0.06723 -0.00446  0.08768    0.04235    0.00103   0.01511  0.07891    0.04902  0.00678  0.10734  0.01098          0.07021         0.00513        0.00262  0.00806 -0.01036     0.03976  0.01316  0.36502  0.07453        -0.00019  0.00272\n",
      "TSMC               0.01851  0.03439      0.00306  0.12069  0.05321  0.10546  0.01545   0.01473    0.01365    0.02948   0.04324 -0.00660  0.05475    0.01878   -0.00001   0.00959  0.06423    0.04066  0.00170  0.13572  0.01285          0.02095         0.00708        0.00518  0.01402 -0.00696     0.01727  0.00515  0.07453  0.15033        -0.00145  0.00504\n",
      "Total Energies    -0.01808 -0.00101      0.00844 -0.00770 -0.00026  0.00039  0.00838   0.01441    0.00738    0.01365  -0.00316  0.00565  0.00145    0.00107    0.00343   0.01201 -0.00316   -0.00302  0.00314 -0.00615  0.01048         -0.00151         0.00759        0.00628  0.00957  0.00632     0.01880  0.02050 -0.00019 -0.00145         0.03698  0.00887\n",
      "Unibail           -0.00382 -0.00096      0.00876 -0.00317  0.00126  0.00419  0.01593   0.01649    0.01417    0.01742  -0.00273  0.00176 -0.00227    0.00169    0.02472   0.01046 -0.00128   -0.00156  0.00876 -0.00278  0.03752         -0.00959         0.01317        0.01038  0.01053  0.00511     0.02246  0.00845  0.00272  0.00504         0.00887  0.06061\n",
      "\n",
      "===== MATRICE DE CORRÉLATION =====\n",
      "                 Cambricon  Apple  Air Liquide    AMD  Amazon   ASML  Alten  Burberry  Capgemini  Richemont  Alphabet  Thales  Intel  JP Morgan  Klépierre  Mercedes   Meta  Microsoft  NextEra  NVIDIA  Nexity  First Phosphate  Rémy Cointreau  Pernod Ricard  Safran  Sanofi  Stellantis  Technip  Tesla   TSMC  Total Energies  Unibail\n",
      "Cambricon            1.000  0.076       -0.013  0.062  -0.049  0.050 -0.025    -0.043     -0.039     -0.011     0.020   0.025  0.037      0.013     -0.045    -0.001 -0.016      0.019    0.044   0.030  -0.044            0.081           0.035         -0.001  -0.052  -0.038      -0.026   -0.051  0.000  0.061          -0.121   -0.020\n",
